Afghanistan,76,29121286,0.0026097748567834537	0.0024037399996689707
Albania,239,2986952,0.08001467716923473	0.056914205517865704
Algeria,523,34586184,0.015121645105455982	0.01127617895053123
Angola,190,13068161,0.014539153596286424	0.011478279154962967
Argentina,22286,41343201,0.5390487301648462	0.4063546022960341
Armenia,977,2968000,0.32917789757412397	0.19204851752021562
Australia,90174,21515754,4.191068553767625	2.2755419122192975
Austria,24734,8205000,3.014503351614869	1.4990859232175502
Azerbaijan,759,8303512,0.09140710581257666	0.06623703319751932
Bahamas,263,301790,0.8714669140793266	0.662712482189602
Bahrain,84,738004,0.11382052129798755	0.12195055853355809
Bangladesh,5981,156118464,0.03831065107071512	0.03414074071341107
Belarus,11583,9685000,1.1959731543624161	0.8456375838926175
Belgium,32486,10403000,3.1227530520042297	1.552436797077766
Belize,5,314522,0.015897139150838416	0.06358855660335366
Benin,1053,9056010,0.11627637336972906	0.059628909420373875
Bhutan,79,699847,0.11288181559683759	0.04286651225196365
Bolivia,999,9947418,0.10042807088231338	0.0894704535387977
Bosnia and Herzegovina,1073,4590000,0.23376906318082788	0.15468409586056645
Botswana,439,2029307,0.21633000822448253	0.044350115581328994
Brazil,104802,201103330,0.5211350801600352	0.3920869932884751
Brunei,34,395027,0.08607006609674782	0.05062945064514578
Bulgaria,10555,7148785,1.4764746736683227	0.9875804070202139
Burkina Faso,47,16241811,0.0028937659722798152	0.003078474438595548
Burundi,25,9863117,0.0025346956748054394	0.0020277565398443514
Cambodia,1046,14453680,0.07236911291795584	0.04012818880727953
Cameroon,435,19294149,0.022545695070562585	0.014512171539672467
Canada,143815,33679000,4.270168354167286	2.3352831141067134
Cape Verde,13,508659,0.02555739699877521	0.039319072305808014
Central African Republic,1,4844927,2.0640145868038877E-4	0.002064014586803888
Chad,110,10543464,0.010433003802165967	9.484548911059971E-4
Chile,8133,16746491,0.4856539796904319	0.37142109352938474
China,250708,1330044000,0.18849601968055194	0.115740531892178
Colombia,16109,47790000,0.3370788867964009	0.2184557438794727
Costa Rica,5340,4516220,1.1824047544185181	0.5247751438149603
Croatia,5795,4491000,1.2903584947673123	0.8906702293475841
Cuba,850,11423000,0.0744112754968047	0.0402696314453296
Cyprus,538,1102677,0.4879035293200094	0.4353042640773318
Czech Republic,25370,10476000,2.421725849560901	1.3373424971363115
Democratic Republic of the Congo,278,70916439,0.003920106591928566	0.0025381985127595026
Denmark,24939,5484000,4.547592997811816	2.6841721371261853
Dominican Republic,910,9823821,0.09263198097766642	0.09670371640525616
East Timor,27,1154625,0.023384215654433257	0.017321641225506116
Ecuador,2701,14790608,0.18261588705481208	0.12778379360740275
Egypt,3997,80471869,0.049669531100365025	0.038274244630754135
El Salvador,797,6052064,0.13169061001337726	0.0958350737863975
Estonia,36515,1291170,28.280551747639738	2.1840656149074094
Ethiopia,257,88013491,0.002920006888489402	0.002954092572012625
Fiji,4,875983,0.0045662986610470755	0.011415746652617688
Finland,22097,5244000,4.213768115942029	2.692601067887109
France,151529,64768389,2.3395517835096995	1.2123197938426413
Gabon,103,1545255,0.06665566524618914	0.06471423810309625
Gambia,6,1593256,0.0037658731553497993	0.012552910517832664
Georgia,906,4630000,0.19568034557235423	0.11231101511879049
Germany,319787,81802257,3.9092686647997987	1.4388356057217346
Ghana,582,24339838,0.023911416337282113	0.02177500113188921
Greece,30541,11000000,2.7764545454545453	0.4918181818181818
Guatemala,1449,13550440,0.10693379698371418	0.09888977774891443
Guinea,16,10324025,0.0015497831514356077	9.686144696472548E-4
Guyana,4,748486,0.005344121332930743	0.026720606664653715
Haiti,83,9648924,0.008601995414203699	0.008291079917304768
Honduras,494,7989415,0.06183181121521413	0.055072868288854694
Hong Kong,12,6898686,0.0017394616887911698	0.001449551407325975
Hungary,428786,9982000,42.95592065718293	0.7804047285113204
Iceland,1645,308910,5.325175617493769	4.823411349584021
India,109823,1173108018,0.0936171250344314	0.07095680766202044
Indonesia,17116,242968342,0.070445391605792	0.05095314022433425
Iran,5271,76923300,0.06852280128387628	0.052779846938443876
Iraq,192,29671605,0.006470832973140482	0.0064034284630036025
Ireland,14956,4622917,3.2351867879090195	2.182604619550816
Israel,14189,7353985,1.9294300981032733	1.1068828669082138
Italy,46350,60340328,0.7681429905385997	0.44911920266658145
Ivory Coast,174,21058798,0.008262579849049314	0.00617319184124374
Jamaica,673,2847232,0.23636991997842113	0.11238985793921956
Japan,108934,127288000,0.8558073031236252	0.4452894224121677
Jordan,9543,6407085,1.4894448879638713	0.08272092535060796
Kazakhstan,1700,15340000,0.11082138200782268	0.0710560625814863
Kenya,3974,40046566,0.09923447618454975	0.06991860425685438
Kuwait,129,2789132,0.04625094832370788	0.05019482763813258
Kyrgyzstan,590,5508626,0.10710474808055584	0.07442872324242016
Laos,316,6368162,0.049621853212905076	0.034546859831769354
Latvia,5216,2217969,2.3517010382020667	0.9873898147359138
Lebanon,584,4125247,0.14156728069858604	0.11878076633956706
Lesotho,30,1919552,0.01562864668422632	0.005209548894742106
Liberia,117,3685076,0.03174968440270974	0.05155931655140898
Libya,145,6461454,0.022440769523392103	0.01238111421980254
Lithuania,4209,2944459,1.4294646317031414	1.0120704686327777
Luxembourg,2693,497538,5.412651897945484	2.230985371971588
Macedonia,795,2062294,0.3854930480329187	0.35397474850821464
Madagascar,100,21281844,0.0046988409463014575	0.0051687250409316035
Malawi,156,15447500,0.010098721475966984	0.004531477585369801
Malaysia,7006,28274729,0.24778309988399888	0.12166341187567173
Maldives,108,395650,0.27296853279413624	0.30329836977126245
Mali,17,13796354,0.0012322096113219479	0.0028993167325222302
Malta,91,403000,0.22580645161290322	0.24813895781637718
Mauritania,60,3205060,0.018720398370077315	0.009360199185038658
Mauritius,104,1294104,0.0803644838436478	0.14681973009897195
Mexico,27956,112468855,0.2485665920578635	0.13657114229534922
Moldova,1330,4324000,0.3075855689176688	0.21739130434782608
Mongolia,133,3086918,0.043085044695064786	0.055071109760609124
Montenegro,207,666730,0.3104705053019963	0.2999715027072428
Morocco,1049,31627428,0.033167414055926395	0.026559225745451068
Mozambique,227,22061451,0.010289441070761846	0.008159028161837587
Myanmar,338,53414374,0.0063278847000996395	0.00805026751787824
Namibia,748,2128471,0.35142597667527536	0.04698208244321863
Nepal,2626,28951852,0.0907023150021629	0.08186004819311732
Netherlands,75198,16645000,4.517753079002704	2.5695404025232804
New Zealand,24077,4252277,5.662142894265825	3.2218032832762304
Nicaragua,396,5995928,0.06604482241948202	0.06671194183786062
Niger,13,15878271,8.187289409533318E-4	0.0012595829860820489
Nigeria,2867,154000000,0.01861688311688312	0.012792207792207792
North Korea,212,22912177,0.00925272181687493	0.005237389707665055
Norway,29659,5009150,5.920964634718465	3.0124871485182116
Oman,42,2967717,0.014152292823069046	0.023587154705115077
Pakistan,4003,184404791,0.021707678950705786	0.02082375397719466
Palestinian Territory,389,3800000,0.10236842105263158	0.07894736842105263
Panama,778,3410676,0.22810727257587646	0.17005426490232434
Papua New Guinea,1,6064515,1.6489364771956206E-4	0.0016489364771956208
Paraguay,772,6375830,0.12108227477834259	0.0941053949054476
Peru,3563,29907003,0.1191359762795356	0.11468885732214626
Philippines,11640,99900177,0.11651631007620737	0.07157144476330607
Poland,44280,38500000,1.1501298701298701	0.7932467532467532
Portugal,15709,10676000,1.471431247658299	0.8579992506556763
Qatar,117,840926,0.13913233744705242	0.22594140269179452
Republic of the Congo,20,3039126,0.006580839359736977	0.009871259039605465
Romania,13462,21959278,0.6130438350477643	0.3998309962649956
Russia,101331,140702000,0.7201816605307672	0.4541513269178832
Rwanda,214,11055976,0.019356047806181925	0.006331417506695022
Saudi Arabia,741,25731776,0.02879707953310335	0.020985725975540902
Senegal,458,12323252,0.03716551442752287	0.021909801081727454
Serbia,4817,7344847,0.6558339472558108	0.48605505329110327
Sierra Leone,135,5245695,0.025735388733046812	0.011437950548020806
Slovakia,4938,5455000,0.905224564619615	0.5847846012832264
Slovenia,4331,2007000,2.1579471848530143	1.2954658694569008
Solomon Islands,7,559198,0.012517927460398643	0.03576550702971041
Somalia,20,10112453,0.001977759501082477	0.002966639251623716
South Africa,12318,49000000,0.2513877551020408	0.16816326530612244
South Korea,24823,48422644,0.5126320652792111	0.2583502049165262
South Sudan,92,8260490,0.011137353837363159	0.002421163877687643
Spain,60553,46505963,1.3020480835973658	0.7439906147089138
Sri Lanka,5241,21513990,0.243608926098785	0.1468811689509942
Sudan,75,35000000,0.002142857142857143	0.002857142857142857
Suriname,57,492829,0.11565877819689994	0.04058202743750875
Swaziland,254,1354051,0.18758525343580115	0.16247541636171756
Sweden,51584,9555893,5.398134951908733	3.1540746636656563
Switzerland,53652,7581000,7.0771666007123075	3.062920459042343
Syria,408,22198110,0.018379943157322852	0.009009776057511203
Taiwan,35856,22894384,1.566148274616168	0.7971387218804402
Tajikistan,32,7487489,0.004273795928114219	0.009348928592749852
Tanzania,757,41892895,0.018069889894217147	0.0071611188484348
Thailand,8678,67089500,0.129349600160979	0.08257626007050284
Togo,15,6587239,0.0022771300692141275	0.006072346851237673
Trinidad and Tobago,326,1228691,0.26532301449265927	0.13835862718942354
Tunisia,988,10589025,0.09330415217642796	0.09632614900805316
Turkey,16454,77804122,0.21147979794695196	0.1498635252255658
Turkmenistan,80,4940916,0.016191329704856348	0.01214349727864226
Uganda,527,33398682,0.015779065772715224	0.011677107497834795
Ukraine,51811,45415596,1.1408195545864905	0.6935943326605248
United Arab Emirates,3313,4975593,0.6658502815644286	0.3175500890044664
United Kingdom,304752,62348447,4.887884376654963	2.3033452621522392
United States,1709062,310232863,5.508965051197687	2.117860737403568
Uruguay,2475,3477000,0.7118205349439172	0.5895887259131435
Uzbekistan,251,27865738,0.009007477210903225	0.01040704538311528
Venezuela,5851,27223228,0.214926752991967	0.15317801401068235
Vietnam,15855,89571130,0.17701015941185513	0.10516781467421478
Yemen,116,23495361,0.004937144826163769	0.003830543399609821
Zambia,50,13460305,0.0037146260801668315	0.005200476512233564
Zimbabwe,263,11651858,0.0225715074797513	0.014589947800599698
